%YAML:1.0
KeyPoints:
   -
      angle: -1.
      class_id: -1
      octave: 0
      pt:
         x: 3.6712307739257812e+02
         y: 3.8552410888671875e+02
      response: 0.
      size: 7.6030769348144531e+00
   -
      angle: -1.
      class_id: -1
      octave: 0
      pt:
         x: 1.2179781341552734e+02
         y: 3.8035910034179688e+02
      response: 0.
      size: 9.1860866546630859e+00
   -
      angle: -1.
      class_id: -1
      octave: 0
      pt:
         x: 2.9293304443359375e+02
         y: 3.7344131469726562e+02
      response: 0.
      size: 7.3615760803222656e+00
   -
      angle: -1.
      class_id: -1
      octave: 0
      pt:
         x: 2.0948635864257812e+02
         y: 3.6906375122070312e+02
      response: 0.
      size: 6.9143695831298828e+00
   -
      angle: -1.
      class_id: -1
      octave: 0
      pt:
         x: 3.0346235275268555e+01
         y: 3.0023712158203125e+02
      response: 0.
      size: 6.3856010437011719e+00
   -
      angle: -1.
      class_id: -1
      octave: 0
      pt:
         x: 1.2594335937500000e+02
         y: 2.9654791259765625e+02
      response: 0.
      size: 7.8264455795288086e+00
   -
      angle: -1.
      class_id: -1
      octave: 0
      pt:
         x: 2.9583078002929688e+02
         y: 2.9561749267578125e+02
      response: 0.
      size: 6.8058767318725586e+00
   -
      angle: -1.
      class_id: -1
      octave: 0
      pt:
         x: 2.1649012756347656e+02
         y: 2.9380426025390625e+02
      response: 0.
      size: 6.3425583839416504e+00
   -
      angle: -1.
      class_id: -1
      octave: 0
      pt:
         x: 3.8059750366210938e+02
         y: 2.9337036132812500e+02
      response: 0.
      size: 7.2214646339416504e+00
   -
      angle: -1.
      class_id: -1
      octave: 0
      pt:
         x: 4.6576065063476562e+02
         y: 2.0895333862304688e+02
      response: 0.
      size: 6.5934696197509766e+00
   -
      angle: -1.
      class_id: -1
      octave: 0
      pt:
         x: 2.0094363403320312e+02
         y: 2.0974844360351562e+02
      response: 0.
      size: 7.5575127601623535e+00
   -
      angle: -1.
      class_id: -1
      octave: 0
      pt:
         x: 5.6827270507812500e+02
         y: 2.0632148742675781e+02
      response: 0.
      size: 7.4333710670471191e+00
   -
      angle: -1.
      class_id: -1
      octave: 0
      pt:
         x: 2.8308010864257812e+02
         y: 2.0549783325195312e+02
      response: 0.
      size: 6.1032776832580566e+00
   -
      angle: -1.
      class_id: -1
      octave: 0
      pt:
         x: 9.3729484558105469e+01
         y: 2.0241186523437500e+02
      response: 0.
      size: 9.0143346786499023e+00
   -
      angle: -1.
      class_id: -1
      octave: 0
      pt:
         x: 3.7961648559570312e+02
         y: 1.9874775695800781e+02
      response: 0.
      size: 8.0870685577392578e+00
   -
      angle: -1.
      class_id: -1
      octave: 0
      pt:
         x: 2.2190519714355469e+02
         y: 1.3441894531250000e+02
      response: 0.
      size: 6.5461602210998535e+00
   -
      angle: -1.
      class_id: -1
      octave: 0
      pt:
         x: 2.9739242553710938e+02
         y: 1.2881652832031250e+02
      response: 0.
      size: 8.0996465682983398e+00
   -
      angle: -1.
      class_id: -1
      octave: 0
      pt:
         x: 3.8599765014648438e+02
         y: 1.1668977355957031e+02
      response: 0.
      size: 8.9062213897705078e+00
   -
      angle: -1.
      class_id: -1
      octave: 0
      pt:
         x: 3.9369586181640625e+02
         y: 3.0543230056762695e+01
      response: 0.
      size: 1.0079047203063965e+01
   -
      angle: -1.
      class_id: -1
      octave: 0
      pt:
         x: 2.0938758850097656e+02
         y: 2.9611490249633789e+01
      response: 0.
      size: 8.8644447326660156e+00
   -
      angle: -1.
      class_id: -1
      octave: 0
      pt:
         x: 4.7935571289062500e+02
         y: 3.9418923950195312e+02
      response: 0.
      size: 1.0733980178833008e+01
   -
      angle: -1.
      class_id: -1
      octave: 0
      pt:
         x: 2.9264860153198242e+01
         y: 2.0415591430664062e+02
      response: 0.
      size: 6.3907661437988281e+00
   -
      angle: -1.
      class_id: -1
      octave: 0
      pt:
         x: 4.7401025390625000e+02
         y: 1.1684080505371094e+02
      response: 0.
      size: 8.8326148986816406e+00
   -
      angle: -1.
      class_id: -1
      octave: 0
      pt:
         x: 1.2298500823974609e+02
         y: 1.1799623870849609e+02
      response: 0.
      size: 1.1692295074462891e+01
   -
      angle: -1.
      class_id: -1
      octave: 0
      pt:
         x: 2.9563583374023438e+02
         y: 3.9553245544433594e+01
      response: 0.
      size: 8.6068544387817383e+00
   -
      angle: -1.
      class_id: -1
      octave: 0
      pt:
         x: 5.6634155273437500e+02
         y: 4.6695709228515625e+02
      response: 0.
      size: 8.6663866043090820e+00
   -
      angle: -1.
      class_id: -1
      octave: 0
      pt:
         x: 3.9753143310546875e+01
         y: 3.7890270996093750e+02
      response: 0.
      size: 5.6853914260864258e+00
   -
      angle: -1.
      class_id: -1
      octave: 0
      pt:
         x: 4.9316918945312500e+02
         y: 3.0857919311523438e+02
      response: 0.
      size: 1.0154188156127930e+01
   -
      angle: -1.
      class_id: -1
      octave: 0
      pt:
         x: 5.7105255126953125e+02
         y: 3.0196063232421875e+02
      response: 0.
      size: 8.8201494216918945e+00
   -
      angle: -1.
      class_id: -1
      octave: 0
      pt:
         x: 1.2773525238037109e+02
         y: 3.3896297454833984e+01
      response: 0.
      size: 5.8190097808837891e+00
   -
      angle: -1.
      class_id: -1
      octave: 0
      pt:
         x: 5.6154553222656250e+02
         y: 3.8740664672851562e+02
      response: 0.
      size: 5.4638543128967285e+00
   -
      angle: -1.
      class_id: -1
      octave: 0
      pt:
         x: 1.9909540176391602e+01
         y: 6.8675163269042969e+01
      response: 0.
      size: 6.3824086189270020e+00
