%YAML:1.0
KeyPoints:
   -
      angle: -1.
      class_id: -1
      octave: 0
      pt:
         x: 3.3478686523437500e+02
         y: 3.7220443725585938e+02
      response: 0.
      size: 8.3975505828857422e+00
   -
      angle: -1.
      class_id: -1
      octave: 0
      pt:
         x: 2.3751153564453125e+02
         y: 3.7084671020507812e+02
      response: 0.
      size: 9.3694696426391602e+00
   -
      angle: -1.
      class_id: -1
      octave: 0
      pt:
         x: 3.3174258422851562e+02
         y: 2.7887112426757812e+02
      response: 0.
      size: 7.4963111877441406e+00
   -
      angle: -1.
      class_id: -1
      octave: 0
      pt:
         x: 1.4082556152343750e+02
         y: 4.5478009033203125e+02
      response: 0.
      size: 8.7053537368774414e+00
   -
      angle: -1.
      class_id: -1
      octave: 0
      pt:
         x: 5.5838513183593750e+02
         y: 3.9149783325195312e+02
      response: 0.
      size: 8.1389589309692383e+00
   -
      angle: -1.
      class_id: -1
      octave: 0
      pt:
         x: 4.3224658203125000e+02
         y: 3.8438946533203125e+02
      response: 0.
      size: 9.9072828292846680e+00
   -
      angle: -1.
      class_id: -1
      octave: 0
      pt:
         x: 5.5542779541015625e+02
         y: 2.7877368164062500e+02
      response: 0.
      size: 1.2008111953735352e+01
   -
      angle: -1.
      class_id: -1
      octave: 0
      pt:
         x: 4.3680044555664062e+02
         y: 2.7608343505859375e+02
      response: 0.
      size: 8.7692108154296875e+00
   -
      angle: -1.
      class_id: -1
      octave: 0
      pt:
         x: 1.2521825408935547e+02
         y: 2.7186062622070312e+02
      response: 0.
      size: 9.5968027114868164e+00
   -
      angle: -1.
      class_id: -1
      octave: 0
      pt:
         x: 3.2704307556152344e+01
         y: 2.7043084716796875e+02
      response: 0.
      size: 6.6672573089599609e+00
   -
      angle: -1.
      class_id: -1
      octave: 0
      pt:
         x: 2.3848382568359375e+02
         y: 2.6931774902343750e+02
      response: 0.
      size: 6.8755607604980469e+00
   -
      angle: -1.
      class_id: -1
      octave: 0
      pt:
         x: 2.3350172424316406e+02
         y: 1.8042170715332031e+02
      response: 0.
      size: 9.5646028518676758e+00
   -
      angle: -1.
      class_id: -1
      octave: 0
      pt:
         x: 3.2847225952148438e+02
         y: 1.7488070678710938e+02
      response: 0.
      size: 8.4820423126220703e+00
   -
      angle: -1.
      class_id: -1
      octave: 0
      pt:
         x: 4.3290298461914062e+02
         y: 1.7384956359863281e+02
      response: 0.
      size: 9.3445253372192383e+00
   -
      angle: -1.
      class_id: -1
      octave: 0
      pt:
         x: 5.6328839111328125e+02
         y: 1.6899284362792969e+02
      response: 0.
      size: 9.6463794708251953e+00
   -
      angle: -1.
      class_id: -1
      octave: 0
      pt:
         x: 1.1468754577636719e+02
         y: 1.6286012268066406e+02
      response: 0.
      size: 1.1051991462707520e+01
   -
      angle: -1.
      class_id: -1
      octave: 0
      pt:
         x: 6.2675976562500000e+02
         y: 3.8690917968750000e+02
      response: 0.
      size: 1.3333344459533691e+01
   -
      angle: -1.
      class_id: -1
      octave: 0
      pt:
         x: 3.7074851989746094e+01
         y: 1.7802047729492188e+02
      response: 0.
      size: 7.3763461112976074e+00
   -
      angle: -1.
      class_id: -1
      octave: 0
      pt:
         x: 5.5021051025390625e+02
         y: 6.2787551879882812e+01
      response: 0.
      size: 6.1754961013793945e+00
   -
      angle: -1.
      class_id: -1
      octave: 0
      pt:
         x: 1.2354038238525391e+02
         y: 5.6831966400146484e+01
      response: 0.
      size: 1.0180335044860840e+01
   -
      angle: -1.
      class_id: -1
      octave: 0
      pt:
         x: 2.1653149414062500e+02
         y: 5.8553661346435547e+01
      response: 0.
      size: 1.1419362068176270e+01
   -
      angle: -1.
      class_id: -1
      octave: 0
      pt:
         x: 4.5715124511718750e+02
         y: 4.5810100555419922e+01
      response: 0.
      size: 1.2043179512023926e+01
   -
      angle: -1.
      class_id: -1
      octave: 0
      pt:
         x: 3.4504571533203125e+02
         y: 3.8743312835693359e+01
      response: 0.
      size: 1.0946949005126953e+01
   -
      angle: -1.
      class_id: -1
      octave: 0
      pt:
         x: 1.2565670013427734e+02
         y: 3.7325875854492188e+02
      response: 0.
      size: 1.0585073471069336e+01
   -
      angle: -1.
      class_id: -1
      octave: 0
      pt:
         x: 9.7137441635131836e+00
         y: 2.8636956787109375e+02
      response: 0.
      size: 1.7792825698852539e+01
   -
      angle: -1.
      class_id: -1
      octave: 0
      pt:
         x: 6.0430690765380859e+01
         y: 8.2415084838867188e+01
      response: 0.
      size: 5.1107897758483887e+00
   -
      angle: -1.
      class_id: -1
      octave: 0
      pt:
         x: 1.1256858825683594e+01
         y: 1.7870526123046875e+02
      response: 0.
      size: 5.1535115242004395e+00
   -
      angle: -1.
      class_id: -1
      octave: 0
      pt:
         x: 4.3391838073730469e+01
         y: 3.6197433471679688e+02
      response: 0.
      size: 6.9779858589172363e+00
   -
      angle: -1.
      class_id: -1
      octave: 0
      pt:
         x: 9.5320503234863281e+01
         y: 9.4222434997558594e+01
      response: 0.
      size: 5.7862381935119629e+00
   -
      angle: -1.
      class_id: -1
      octave: 0
      pt:
         x: 6.1761367797851562e+01
         y: 4.5025289916992188e+02
      response: 0.
      size: 4.2443189620971680e+00
   -
      angle: -1.
      class_id: -1
      octave: 0
      pt:
         x: 3.3089630126953125e+01
         y: 6.8780288696289062e+01
      response: 0.
      size: 4.8270649909973145e+00
   -
      angle: -1.
      class_id: -1
      octave: 0
      pt:
         x: 2.8396057128906250e+02
         y: 7.5934463500976562e+01
      response: 0.
      size: 6.4033880233764648e+00
