%YAML:1.0
KeyPoints:
   -
      angle: -1.
      class_id: -1
      octave: 0
      pt:
         x: 3.0406805419921875e+02
         y: 2.1468919372558594e+02
      response: 0.
      size: 7.4459152221679688e+00
   -
      angle: -1.
      class_id: -1
      octave: 0
      pt:
         x: 1.9345101928710938e+02
         y: 4.2772222900390625e+02
      response: 0.
      size: 1.0291606903076172e+01
   -
      angle: -1.
      class_id: -1
      octave: 0
      pt:
         x: 6.6081512451171875e+01
         y: 4.1537377929687500e+02
      response: 0.
      size: 6.3859090805053711e+00
   -
      angle: -1.
      class_id: -1
      octave: 0
      pt:
         x: 4.0981332397460938e+02
         y: 4.1360726928710938e+02
      response: 0.
      size: 1.0788136482238770e+01
   -
      angle: -1.
      class_id: -1
      octave: 0
      pt:
         x: 3.0342587280273438e+02
         y: 4.0965798950195312e+02
      response: 0.
      size: 8.2008295059204102e+00
   -
      angle: -1.
      class_id: -1
      octave: 0
      pt:
         x: 1.7558238220214844e+02
         y: 3.2130963134765625e+02
      response: 0.
      size: 9.7725095748901367e+00
   -
      angle: -1.
      class_id: -1
      octave: 0
      pt:
         x: 4.0358624267578125e+02
         y: 3.1283926391601562e+02
      response: 0.
      size: 8.2371435165405273e+00
   -
      angle: -1.
      class_id: -1
      octave: 0
      pt:
         x: 9.1849151611328125e+01
         y: 3.1326797485351562e+02
      response: 0.
      size: 9.0918426513671875e+00
   -
      angle: -1.
      class_id: -1
      octave: 0
      pt:
         x: 2.9857775878906250e+02
         y: 3.0789913940429688e+02
      response: 0.
      size: 6.8527669906616211e+00
   -
      angle: -1.
      class_id: -1
      octave: 0
      pt:
         x: 4.9898153686523438e+02
         y: 2.1758621215820312e+02
      response: 0.
      size: 8.9552297592163086e+00
   -
      angle: -1.
      class_id: -1
      octave: 0
      pt:
         x: 4.0106439208984375e+02
         y: 2.1479598999023438e+02
      response: 0.
      size: 7.8786926269531250e+00
   -
      angle: -1.
      class_id: -1
      octave: 0
      pt:
         x: 1.9778643798828125e+02
         y: 2.1345733642578125e+02
      response: 0.
      size: 8.0863838195800781e+00
   -
      angle: -1.
      class_id: -1
      octave: 0
      pt:
         x: 8.0572380065917969e+01
         y: 2.1280206298828125e+02
      response: 0.
      size: 9.6076431274414062e+00
   -
      angle: -1.
      class_id: -1
      octave: 0
      pt:
         x: 1.9613061523437500e+02
         y: 1.1419152069091797e+02
      response: 0.
      size: 8.9296817779541016e+00
   -
      angle: -1.
      class_id: -1
      octave: 0
      pt:
         x: 2.9667440795898438e+02
         y: 1.1190309143066406e+02
      response: 0.
      size: 7.7477107048034668e+00
   -
      angle: -1.
      class_id: -1
      octave: 0
      pt:
         x: 8.6309272766113281e+01
         y: 1.0578089904785156e+02
      response: 0.
      size: 7.4577679634094238e+00
   -
      angle: -1.
      class_id: -1
      octave: 0
      pt:
         x: 3.9586801147460938e+02
         y: 9.5117179870605469e+01
      response: 0.
      size: 9.0019464492797852e+00
   -
      angle: -1.
      class_id: -1
      octave: 0
      pt:
         x: 5.2221929931640625e+02
         y: 4.4082141113281250e+02
      response: 0.
      size: 7.4172859191894531e+00
   -
      angle: -1.
      class_id: -1
      octave: 0
      pt:
         x: 5.9610736083984375e+02
         y: 2.2546243286132812e+02
      response: 0.
      size: 6.1810712814331055e+00
   -
      angle: -1.
      class_id: -1
      octave: 0
      pt:
         x: 5.1437487792968750e+02
         y: 9.7316162109375000e+01
      response: 0.
      size: 9.2880220413208008e+00
   -
      angle: -1.
      class_id: -1
      octave: 0
      pt:
         x: 5.0745916748046875e+02
         y: 3.2070315551757812e+02
      response: 0.
      size: 1.0381389617919922e+01
   -
      angle: -1.
      class_id: -1
      octave: 0
      pt:
         x: 5.4885449218750000e+02
         y: 2.2611757278442383e+01
      response: 0.
      size: 1.4079644203186035e+01
   -
      angle: -1.
      class_id: -1
      octave: 0
      pt:
         x: 5.9485375976562500e+02
         y: 3.2822808837890625e+02
      response: 0.
      size: 6.9704995155334473e+00
   -
      angle: -1.
      class_id: -1
      octave: 0
      pt:
         x: 5.7995965576171875e+02
         y: 1.1289884185791016e+02
      response: 0.
      size: 6.0576214790344238e+00
   -
      angle: -1.
      class_id: -1
      octave: 0
      pt:
         x: 1.1233489227294922e+02
         y: 2.1946331024169922e+01
      response: 0.
      size: 5.4287991523742676e+00
   -
      angle: -1.
      class_id: -1
      octave: 0
      pt:
         x: 5.7228582763671875e+02
         y: 4.1725933837890625e+02
      response: 0.
      size: 6.1337275505065918e+00
   -
      angle: -1.
      class_id: -1
      octave: 0
      pt:
         x: 6.2667083740234375e+02
         y: 2.9079248046875000e+02
      response: 0.
      size: 5.4187259674072266e+00
   -
      angle: -1.
      class_id: -1
      octave: 0
      pt:
         x: 6.2724584960937500e+02
         y: 2.1629022216796875e+02
      response: 0.
      size: 6.6191358566284180e+00
   -
      angle: -1.
      class_id: -1
      octave: 0
      pt:
         x: 4.9861297607421875e+02
         y: 1.6693706512451172e+01
      response: 0.
      size: 4.1250543594360352e+00
