%YAML:1.0
KeyPoints:
   -
      angle: -1.
      class_id: -1
      octave: 0
      pt:
         x: 2.9588183593750000e+02
         y: 2.9638812255859375e+02
      response: 0.
      size: 6.8061475753784180e+00
   -
      angle: -1.
      class_id: -1
      octave: 0
      pt:
         x: 1.2672136688232422e+02
         y: 2.9739337158203125e+02
      response: 0.
      size: 7.9687876701354980e+00
   -
      angle: -1.
      class_id: -1
      octave: 0
      pt:
         x: 2.1734661865234375e+02
         y: 2.9471829223632812e+02
      response: 0.
      size: 6.1711130142211914e+00
   -
      angle: -1.
      class_id: -1
      octave: 0
      pt:
         x: 3.8123651123046875e+02
         y: 2.9435665893554688e+02
      response: 0.
      size: 7.1563410758972168e+00
   -
      angle: -1.
      class_id: -1
      octave: 0
      pt:
         x: 2.0234332275390625e+02
         y: 2.1118220520019531e+02
      response: 0.
      size: 7.6442999839782715e+00
   -
      angle: -1.
      class_id: -1
      octave: 0
      pt:
         x: 2.8393927001953125e+02
         y: 2.0626371765136719e+02
      response: 0.
      size: 6.0160441398620605e+00
   -
      angle: -1.
      class_id: -1
      octave: 0
      pt:
         x: 3.6829888916015625e+02
         y: 3.8677636718750000e+02
      response: 0.
      size: 7.7059497833251953e+00
   -
      angle: -1.
      class_id: -1
      octave: 0
      pt:
         x: 2.9336260986328125e+02
         y: 3.7463366699218750e+02
      response: 0.
      size: 7.3490490913391113e+00
   -
      angle: -1.
      class_id: -1
      octave: 0
      pt:
         x: 4.9492095947265625e+02
         y: 3.0986123657226562e+02
      response: 0.
      size: 1.0164233207702637e+01
   -
      angle: -1.
      class_id: -1
      octave: 0
      pt:
         x: 5.7336987304687500e+02
         y: 3.0356195068359375e+02
      response: 0.
      size: 8.9286890029907227e+00
   -
      angle: -1.
      class_id: -1
      octave: 0
      pt:
         x: 3.1501781463623047e+01
         y: 3.0172387695312500e+02
      response: 0.
      size: 7.8588709831237793e+00
   -
      angle: -1.
      class_id: -1
      octave: 0
      pt:
         x: 4.6720611572265625e+02
         y: 2.0975952148437500e+02
      response: 0.
      size: 6.7205004692077637e+00
   -
      angle: -1.
      class_id: -1
      octave: 0
      pt:
         x: 5.7036004638671875e+02
         y: 2.0705656433105469e+02
      response: 0.
      size: 7.2149586677551270e+00
   -
      angle: -1.
      class_id: -1
      octave: 0
      pt:
         x: 3.2851650238037109e+01
         y: 2.0626358032226562e+02
      response: 0.
      size: 9.2272014617919922e+00
   -
      angle: -1.
      class_id: -1
      octave: 0
      pt:
         x: 9.6481658935546875e+01
         y: 2.0443435668945312e+02
      response: 0.
      size: 9.9444475173950195e+00
   -
      angle: -1.
      class_id: -1
      octave: 0
      pt:
         x: 3.8062792968750000e+02
         y: 1.9938984680175781e+02
      response: 0.
      size: 8.0642681121826172e+00
   -
      angle: -1.
      class_id: -1
      octave: 0
      pt:
         x: 2.2310865783691406e+02
         y: 1.3588467407226562e+02
      response: 0.
      size: 6.3246521949768066e+00
   -
      angle: -1.
      class_id: -1
      octave: 0
      pt:
         x: 2.9810397338867188e+02
         y: 1.3043586730957031e+02
      response: 0.
      size: 7.9146351814270020e+00
   -
      angle: -1.
      class_id: -1
      octave: 0
      pt:
         x: 2.1128326416015625e+02
         y: 3.3675155639648438e+01
      response: 0.
      size: 9.1175575256347656e+00
   -
      angle: -1.
      class_id: -1
      octave: 0
      pt:
         x: 4.2753761291503906e+01
         y: 3.7944522094726562e+02
      response: 0.
      size: 6.1516695022583008e+00
   -
      angle: -1.
      class_id: -1
      octave: 0
      pt:
         x: 1.2135575103759766e+02
         y: 3.8201348876953125e+02
      response: 0.
      size: 9.3265466690063477e+00
   -
      angle: -1.
      class_id: -1
      octave: 0
      pt:
         x: 2.0998178100585938e+02
         y: 3.7016348266601562e+02
      response: 0.
      size: 7.1194353103637695e+00
   -
      angle: -1.
      class_id: -1
      octave: 0
      pt:
         x: 4.7508200073242188e+02
         y: 1.1802096557617188e+02
      response: 0.
      size: 8.3925447463989258e+00
   -
      angle: -1.
      class_id: -1
      octave: 0
      pt:
         x: 1.2636602783203125e+02
         y: 1.2133140563964844e+02
      response: 0.
      size: 1.3130264282226562e+01
   -
      angle: -1.
      class_id: -1
      octave: 0
      pt:
         x: 3.8686712646484375e+02
         y: 1.1754607391357422e+02
      response: 0.
      size: 8.8767175674438477e+00
   -
      angle: -1.
      class_id: -1
      octave: 0
      pt:
         x: 2.9627178955078125e+02
         y: 4.2455295562744141e+01
      response: 0.
      size: 8.3769874572753906e+00
   -
      angle: -1.
      class_id: -1
      octave: 0
      pt:
         x: 5.6590692138671875e+02
         y: 1.1683315277099609e+02
      response: 0.
      size: 5.6036338806152344e+00
   -
      angle: -1.
      class_id: -1
      octave: 0
      pt:
         x: 3.9388983154296875e+02
         y: 3.3911571502685547e+01
      response: 0.
      size: 1.0074373245239258e+01
   -
      angle: -1.
      class_id: -1
      octave: 0
      pt:
         x: 4.8092327880859375e+02
         y: 3.9604382324218750e+02
      response: 0.
      size: 1.1163075447082520e+01
   -
      angle: -1.
      class_id: -1
      octave: 0
      pt:
         x: 5.6385955810546875e+02
         y: 3.8922564697265625e+02
      response: 0.
      size: 5.2910447120666504e+00
   -
      angle: -1.
      class_id: -1
      octave: 0
      pt:
         x: 4.9995265960693359e+01
         y: 1.1719586944580078e+02
      response: 0.
      size: 5.6165680885314941e+00
   -
      angle: -1.
      class_id: -1
      octave: 0
      pt:
         x: 1.2782576751708984e+02
         y: 3.6238269805908203e+01
      response: 0.
      size: 5.4533796310424805e+00
   -
      angle: -1.
      class_id: -1
      octave: 0
      pt:
         x: 6.5029518127441406e+01
         y: 2.2242065429687500e+01
      response: 0.
      size: 4.0460758209228516e+00
   -
      angle: -1.
      class_id: -1
      octave: 0
      pt:
         x: 4.8423385620117188e+02
         y: 1.7204977035522461e+01
      response: 0.
      size: 5.3057951927185059e+00
