%YAML:1.0
KeyPoints:
   -
      angle: -1.
      class_id: -1
      octave: 0
      pt:
         x: 3.1040493774414062e+02
         y: 3.7300482177734375e+02
      response: 0.
      size: 7.2687087059020996e+00
   -
      angle: -1.
      class_id: -1
      octave: 0
      pt:
         x: 4.8883905029296875e+02
         y: 3.6086224365234375e+02
      response: 0.
      size: 8.7779808044433594e+00
   -
      angle: -1.
      class_id: -1
      octave: 0
      pt:
         x: 3.9810852050781250e+02
         y: 3.5887191772460938e+02
      response: 0.
      size: 6.2208199501037598e+00
   -
      angle: -1.
      class_id: -1
      octave: 0
      pt:
         x: 3.1141055297851562e+02
         y: 2.9842687988281250e+02
      response: 0.
      size: 6.4324216842651367e+00
   -
      angle: -1.
      class_id: -1
      octave: 0
      pt:
         x: 1.3123336791992188e+02
         y: 2.9259179687500000e+02
      response: 0.
      size: 8.9218196868896484e+00
   -
      angle: -1.
      class_id: -1
      octave: 0
      pt:
         x: 3.9171176147460938e+02
         y: 2.8909277343750000e+02
      response: 0.
      size: 6.4474344253540039e+00
   -
      angle: -1.
      class_id: -1
      octave: 0
      pt:
         x: 2.0865600585937500e+02
         y: 2.8764224243164062e+02
      response: 0.
      size: 7.7621774673461914e+00
   -
      angle: -1.
      class_id: -1
      octave: 0
      pt:
         x: 6.0144647216796875e+02
         y: 2.7969665527343750e+02
      response: 0.
      size: 7.2766313552856445e+00
   -
      angle: -1.
      class_id: -1
      octave: 0
      pt:
         x: 4.8813262939453125e+02
         y: 2.7531127929687500e+02
      response: 0.
      size: 7.4755787849426270e+00
   -
      angle: -1.
      class_id: -1
      octave: 0
      pt:
         x: 5.1909839630126953e+01
         y: 2.7267611694335938e+02
      response: 0.
      size: 6.9290871620178223e+00
   -
      angle: -1.
      class_id: -1
      octave: 0
      pt:
         x: 2.8848062133789062e+02
         y: 2.0303742980957031e+02
      response: 0.
      size: 5.4698586463928223e+00
   -
      angle: -1.
      class_id: -1
      octave: 0
      pt:
         x: 3.9252075195312500e+02
         y: 1.9916709899902344e+02
      response: 0.
      size: 7.1882739067077637e+00
   -
      angle: -1.
      class_id: -1
      octave: 0
      pt:
         x: 2.0073587036132812e+02
         y: 1.9271244812011719e+02
      response: 0.
      size: 8.3724851608276367e+00
   -
      angle: -1.
      class_id: -1
      octave: 0
      pt:
         x: 3.5773517608642578e+01
         y: 1.8660560607910156e+02
      response: 0.
      size: 6.8905091285705566e+00
   -
      angle: -1.
      class_id: -1
      octave: 0
      pt:
         x: 5.9123175048828125e+02
         y: 1.8043440246582031e+02
      response: 0.
      size: 6.0515275001525879e+00
   -
      angle: -1.
      class_id: -1
      octave: 0
      pt:
         x: 4.9493392944335938e+02
         y: 1.8105886840820312e+02
      response: 0.
      size: 9.3396587371826172e+00
   -
      angle: -1.
      class_id: -1
      octave: 0
      pt:
         x: 5.0199121093750000e+02
         y: 4.5049642944335938e+02
      response: 0.
      size: 8.5712261199951172e+00
   -
      angle: -1.
      class_id: -1
      octave: 0
      pt:
         x: 4.1107781982421875e+02
         y: 4.4373587036132812e+02
      response: 0.
      size: 9.6227006912231445e+00
   -
      angle: -1.
      class_id: -1
      octave: 0
      pt:
         x: 2.3440917968750000e+02
         y: 4.4253158569335938e+02
      response: 0.
      size: 8.5880107879638672e+00
   -
      angle: -1.
      class_id: -1
      octave: 0
      pt:
         x: 1.3674761962890625e+02
         y: 3.8196093750000000e+02
      response: 0.
      size: 8.5490036010742188e+00
   -
      angle: -1.
      class_id: -1
      octave: 0
      pt:
         x: 2.3034126281738281e+02
         y: 3.6393576049804688e+02
      response: 0.
      size: 6.6943416595458984e+00
   -
      angle: -1.
      class_id: -1
      octave: 0
      pt:
         x: 1.0017281341552734e+02
         y: 1.6873365783691406e+02
      response: 0.
      size: 1.1297297477722168e+01
   -
      angle: -1.
      class_id: -1
      octave: 0
      pt:
         x: 2.3309579467773438e+02
         y: 1.0658489227294922e+02
      response: 0.
      size: 8.2546644210815430e+00
   -
      angle: -1.
      class_id: -1
      octave: 0
      pt:
         x: 3.7735491943359375e+02
         y: 1.0458303070068359e+02
      response: 0.
      size: 8.3894205093383789e+00
   -
      angle: -1.
      class_id: -1
      octave: 0
      pt:
         x: 4.9683853149414062e+02
         y: 9.6477661132812500e+01
      response: 0.
      size: 1.1703890800476074e+01
   -
      angle: -1.
      class_id: -1
      octave: 0
      pt:
         x: 6.1349620819091797e+01
         y: 4.5425396728515625e+02
      response: 0.
      size: 4.7668957710266113e+00
   -
      angle: -1.
      class_id: -1
      octave: 0
      pt:
         x: 5.8363134765625000e+02
         y: 3.5635415649414062e+02
      response: 0.
      size: 5.6369919776916504e+00
   -
      angle: -1.
      class_id: -1
      octave: 0
      pt:
         x: 5.6910369873046875e+01
         y: 9.8122856140136719e+01
      response: 0.
      size: 5.2475523948669434e+00
   -
      angle: -1.
      class_id: -1
      octave: 0
      pt:
         x: 2.9812973022460938e+02
         y: 9.6342979431152344e+01
      response: 0.
      size: 9.2335968017578125e+00
   -
      angle: -1.
      class_id: -1
      octave: 0
      pt:
         x: 1.2838398742675781e+02
         y: 8.7476837158203125e+01
      response: 0.
      size: 9.7456989288330078e+00
   -
      angle: -1.
      class_id: -1
      octave: 0
      pt:
         x: 1.5052424621582031e+02
         y: 4.4460556030273438e+02
      response: 0.
      size: 8.8807067871093750e+00
   -
      angle: -1.
      class_id: -1
      octave: 0
      pt:
         x: 5.7848107910156250e+02
         y: 8.3659248352050781e+01
      response: 0.
      size: 5.1726632118225098e+00
   -
      angle: -1.
      class_id: -1
      octave: 0
      pt:
         x: 6.3061042785644531e+01
         y: 3.6015530395507812e+02
      response: 0.
      size: 7.2766981124877930e+00
   -
      angle: -1.
      class_id: -1
      octave: 0
      pt:
         x: 5.6281756591796875e+02
         y: 4.1813476562500000e+02
      response: 0.
      size: 5.8379144668579102e+00
   -
      angle: -1.
      class_id: -1
      octave: 0
      pt:
         x: 5.5420031738281250e+02
         y: 4.3992535400390625e+02
      response: 0.
      size: 4.9005880355834961e+00
   -
      angle: -1.
      class_id: -1
      octave: 0
      pt:
         x: 1.6152055358886719e+02
         y: 2.1256212234497070e+01
      response: 0.
      size: 7.7710843086242676e+00
   -
      angle: -1.
      class_id: -1
      octave: 0
      pt:
         x: 4.0302838134765625e+02
         y: 1.1884654045104980e+01
      response: 0.
      size: 4.3562078475952148e+00
