%YAML:1.0
KeyPoints:
   -
      angle: -1.
      class_id: -1
      octave: 0
      pt:
         x: 2.1106732177734375e+02
         y: 2.8773876953125000e+02
      response: 0.
      size: 7.8277564048767090e+00
   -
      angle: -1.
      class_id: -1
      octave: 0
      pt:
         x: 4.1272415161132812e+02
         y: 4.4805679321289062e+02
      response: 0.
      size: 9.4041690826416016e+00
   -
      angle: -1.
      class_id: -1
      octave: 0
      pt:
         x: 2.3552705383300781e+02
         y: 4.4399737548828125e+02
      response: 0.
      size: 8.3541269302368164e+00
   -
      angle: -1.
      class_id: -1
      octave: 0
      pt:
         x: 3.1150921630859375e+02
         y: 3.7488760375976562e+02
      response: 0.
      size: 7.3831963539123535e+00
   -
      angle: -1.
      class_id: -1
      octave: 0
      pt:
         x: 2.3191873168945312e+02
         y: 3.6484457397460938e+02
      response: 0.
      size: 6.3474965095520020e+00
   -
      angle: -1.
      class_id: -1
      octave: 0
      pt:
         x: 3.9956134033203125e+02
         y: 3.6157931518554688e+02
      response: 0.
      size: 6.4542307853698730e+00
   -
      angle: -1.
      class_id: -1
      octave: 0
      pt:
         x: 6.5194541931152344e+01
         y: 3.5920910644531250e+02
      response: 0.
      size: 8.0507431030273438e+00
   -
      angle: -1.
      class_id: -1
      octave: 0
      pt:
         x: 3.1304922485351562e+02
         y: 2.9934146118164062e+02
      response: 0.
      size: 6.1788110733032227e+00
   -
      angle: -1.
      class_id: -1
      octave: 0
      pt:
         x: 3.9350839233398438e+02
         y: 2.9054177856445312e+02
      response: 0.
      size: 6.5961322784423828e+00
   -
      angle: -1.
      class_id: -1
      octave: 0
      pt:
         x: 4.9128558349609375e+02
         y: 2.7887313842773438e+02
      response: 0.
      size: 7.6496357917785645e+00
   -
      angle: -1.
      class_id: -1
      octave: 0
      pt:
         x: 5.5436145782470703e+01
         y: 2.7181872558593750e+02
      response: 0.
      size: 7.0932083129882812e+00
   -
      angle: -1.
      class_id: -1
      octave: 0
      pt:
         x: 2.9127331542968750e+02
         y: 2.0324440002441406e+02
      response: 0.
      size: 5.6072764396667480e+00
   -
      angle: -1.
      class_id: -1
      octave: 0
      pt:
         x: 3.9573944091796875e+02
         y: 2.0019801330566406e+02
      response: 0.
      size: 7.2566866874694824e+00
   -
      angle: -1.
      class_id: -1
      octave: 0
      pt:
         x: 2.0453013610839844e+02
         y: 1.9287098693847656e+02
      response: 0.
      size: 8.3451538085937500e+00
   -
      angle: -1.
      class_id: -1
      octave: 0
      pt:
         x: 1.0561449432373047e+02
         y: 1.6874435424804688e+02
      response: 0.
      size: 1.0922673225402832e+01
   -
      angle: -1.
      class_id: -1
      octave: 0
      pt:
         x: 1.3462014770507812e+02
         y: 2.9190896606445312e+02
      response: 0.
      size: 8.7321271896362305e+00
   -
      angle: -1.
      class_id: -1
      octave: 0
      pt:
         x: 6.0214257812500000e+02
         y: 2.8335754394531250e+02
      response: 0.
      size: 7.9679164886474609e+00
   -
      angle: -1.
      class_id: -1
      octave: 0
      pt:
         x: 3.8708652496337891e+01
         y: 1.8580645751953125e+02
      response: 0.
      size: 7.2718725204467773e+00
   -
      angle: -1.
      class_id: -1
      octave: 0
      pt:
         x: 5.9294323730468750e+02
         y: 1.8399789428710938e+02
      response: 0.
      size: 8.5388479232788086e+00
   -
      angle: -1.
      class_id: -1
      octave: 0
      pt:
         x: 4.9907656860351562e+02
         y: 1.8299934387207031e+02
      response: 0.
      size: 9.5222501754760742e+00
   -
      angle: -1.
      class_id: -1
      octave: 0
      pt:
         x: 2.3757334899902344e+02
         y: 1.0739934539794922e+02
      response: 0.
      size: 7.7446246147155762e+00
   -
      angle: -1.
      class_id: -1
      octave: 0
      pt:
         x: 3.8152569580078125e+02
         y: 1.0470364379882812e+02
      response: 0.
      size: 8.2513761520385742e+00
   -
      angle: -1.
      class_id: -1
      octave: 0
      pt:
         x: 5.0224884033203125e+02
         y: 9.7459053039550781e+01
      response: 0.
      size: 1.1462895393371582e+01
   -
      angle: -1.
      class_id: -1
      octave: 0
      pt:
         x: 3.0264721679687500e+02
         y: 9.6346595764160156e+01
      response: 0.
      size: 9.2806501388549805e+00
   -
      angle: -1.
      class_id: -1
      octave: 0
      pt:
         x: 1.5354296875000000e+02
         y: 4.4411746215820312e+02
      response: 0.
      size: 8.0838174819946289e+00
   -
      angle: -1.
      class_id: -1
      octave: 0
      pt:
         x: 4.9107778930664062e+02
         y: 3.6376724243164062e+02
      response: 0.
      size: 8.7491273880004883e+00
   -
      angle: -1.
      class_id: -1
      octave: 0
      pt:
         x: 1.3446771240234375e+02
         y: 8.8764480590820312e+01
      response: 0.
      size: 9.5967426300048828e+00
   -
      angle: -1.
      class_id: -1
      octave: 0
      pt:
         x: 5.7116882324218750e+02
         y: 2.2078834533691406e+01
      response: 0.
      size: 1.1451185226440430e+01
   -
      angle: -1.
      class_id: -1
      octave: 0
      pt:
         x: 5.0258184814453125e+02
         y: 4.5453054809570312e+02
      response: 0.
      size: 8.1506538391113281e+00
   -
      angle: -1.
      class_id: -1
      octave: 0
      pt:
         x: 1.4043325805664062e+02
         y: 3.8071551513671875e+02
      response: 0.
      size: 8.9941482543945312e+00
   -
      angle: -1.
      class_id: -1
      octave: 0
      pt:
         x: 4.5373966217041016e+01
         y: 4.4080368041992188e+02
      response: 0.
      size: 5.4649882316589355e+00
   -
      angle: -1.
      class_id: -1
      octave: 0
      pt:
         x: 5.8351922607421875e+02
         y: 3.6055877685546875e+02
      response: 0.
      size: 6.1974148750305176e+00
   -
      angle: -1.
      class_id: -1
      octave: 0
      pt:
         x: 6.0611595153808594e+01
         y: 9.7216842651367188e+01
      response: 0.
      size: 4.7245554924011230e+00
   -
      angle: -1.
      class_id: -1
      octave: 0
      pt:
         x: 5.8065026855468750e+02
         y: 8.7685905456542969e+01
      response: 0.
      size: 5.9702773094177246e+00
   -
      angle: -1.
      class_id: -1
      octave: 0
      pt:
         x: 5.5719940185546875e+01
         y: 2.6836078643798828e+01
      response: 0.
      size: 1.9008378982543945e+01
   -
      angle: -1.
      class_id: -1
      octave: 0
      pt:
         x: 5.8292364501953125e+02
         y: 4.5520950317382812e+02
      response: 0.
      size: 8.7535467147827148e+00
   -
      angle: -1.
      class_id: -1
      octave: 0
      pt:
         x: 2.5112986564636230e+00
         y: 3.2355441284179688e+02
      response: 0.
      size: 6.0068364143371582e+00
