%YAML:1.0
# 2016.06.29.22:54 /home/akihiko/prg/testl/cv/data/usbcam2s2-3
K1: !!opencv-matrix
   rows: 3
   cols: 3
   dt: d
   data: [ 3.6514986471119505e+02, 0., 3.3405871396329053e+02, 0.,
       3.6514986471119505e+02, 2.3159760543740992e+02, 0., 0., 1. ]
D1: !!opencv-matrix
   rows: 1
   cols: 5
   dt: d
   data: [ -3.4174850288810332e-01, 8.6432001849228529e-02, 0., 0., 0. ]
K2: !!opencv-matrix
   rows: 3
   cols: 3
   dt: d
   data: [ 3.6514986471119505e+02, 0., 3.2670232168059505e+02, 0.,
       3.6514986471119505e+02, 2.1699532423018869e+02, 0., 0., 1. ]
D2: !!opencv-matrix
   rows: 1
   cols: 5
   dt: d
   data: [ -3.0483128763186357e-01, 5.4009212805851192e-02, 0., 0., 0. ]
R: !!opencv-matrix
   rows: 3
   cols: 3
   dt: d
   data: [ 9.9904284181458891e-01, 2.1326255445629591e-02,
       -3.8191504915333019e-02, -2.0599880527730721e-02,
       9.9960124906725079e-01, 1.9312891690144617e-02,
       3.8588147678702750e-02, -1.8507665759349302e-02,
       9.9908379086384280e-01 ]
T: !!opencv-matrix
   rows: 1
   cols: 3
   dt: d
   data: [ -9.5486685992503831e-02, 1.9336179259897670e-03,
       -5.6867328632747944e-03 ]
R1: !!opencv-matrix
   rows: 3
   cols: 3
   dt: d
   data: [ 9.9978205523327290e-01, -1.7994047938509733e-05,
       2.0876822309614244e-02, -1.8178139512170440e-04,
       9.9995421573306476e-01, 9.5673085659311700e-03,
       -2.0876038634217820e-02, -9.5690184389826769e-03,
       9.9973627767379580e-01 ]
R2: !!opencv-matrix
   rows: 3
   cols: 3
   dt: d
   data: [ 9.9802740464796247e-01, -2.0210185956268157e-02,
       5.9437765395960705e-02, 2.0778281724962246e-02,
       9.9974400012595643e-01, -8.9552900963440502e-03,
       -5.9241561257366453e-02, 1.0172639567223370e-02,
       9.9819184269559380e-01 ]
P1: !!opencv-matrix
   rows: 3
   cols: 4
   dt: d
   data: [ 1.8484502173117880e+02, 0., 2.9948559570312500e+02, 0., 0.,
       1.8484502173117880e+02, 2.2994529342651367e+02, 0., 0., 0., 1.,
       0. ]
P2: !!opencv-matrix
   rows: 3
   cols: 4
   dt: d
   data: [ 1.8484502173117880e+02, 0., 2.9948559570312500e+02,
       -1.7685124141003371e+01, 0., 1.8484502173117880e+02,
       2.2994529342651367e+02, 0., 0., 0., 1., 0. ]
Q: !!opencv-matrix
   rows: 4
   cols: 4
   dt: d
   data: [ 1., 0., 0., -2.9948559570312500e+02, 0., 1., 0.,
       -2.2994529342651367e+02, 0., 0., 0., 1.8484502173117880e+02, 0.,
       0., 1.0452005892489685e+01, 0. ]

# 2016.06.20.22:10 /home/akihiko/prg/testl/cv/data/usbcam2s2-2
# K1: !!opencv-matrix
#    rows: 3
#    cols: 3
#    dt: d
#    data: [ 2.7000561666543712e+02, 0., 3.2129431094891305e+02, 0.,
#        2.7000561666543712e+02, 2.4041057587530642e+02, 0., 0., 1. ]
# D1: !!opencv-matrix
#    rows: 1
#    cols: 5
#    dt: d
#    data: [ -2.1709994562183432e-01, 3.8225723859672531e-02, 0., 0., 0. ]
# K2: !!opencv-matrix
#    rows: 3
#    cols: 3
#    dt: d
#    data: [ 2.7000561666543712e+02, 0., 3.0228575091293698e+02, 0.,
#        2.7000561666543712e+02, 2.2971641509663974e+02, 0., 0., 1. ]
# D2: !!opencv-matrix
#    rows: 1
#    cols: 5
#    dt: d
#    data: [ -1.9374466744485819e-01, 2.8092266079079675e-02, 0., 0., 0. ]
# R: !!opencv-matrix
#    rows: 3
#    cols: 3
#    dt: d
#    data: [ 9.9963515063367447e-01, 1.0374291411559551e-02,
#        -2.4938718798267576e-02, -9.9971574697470256e-03,
#        9.9983449722542295e-01, 1.5199835542229445e-02,
#        2.5092278894434918e-02, -1.4944973592943616e-02,
#        9.9957342166755825e-01 ]
# T: !!opencv-matrix
#    rows: 1
#    cols: 3
#    dt: d
#    data: [ -9.6065601314912027e-02, 9.5419386186126908e-04,
#        -3.2455653422260805e-03 ]
# R1: !!opencv-matrix
#    rows: 3
#    cols: 3
#    dt: d
#    data: [ 9.9996236609445577e-01, -6.1672579597558345e-05,
#        8.6754015048662834e-03, -3.9096861581166703e-06,
#        9.9997142773270165e-01, 7.5593454039789738e-03,
#        -8.6756198333067039e-03, -7.5590948343852446e-03,
#        9.9993379466132293e-01 ]
# R2: !!opencv-matrix
#    rows: 3
#    cols: 3
#    dt: d
#    data: [ 9.9938053725093223e-01, -9.9265789341432004e-03,
#        3.3763957035609471e-02, 1.0181566345490183e-02,
#        9.9992086957960968e-01, -7.3885239330741303e-03,
#        -3.3687942513466740e-02, 7.7277169863713292e-03,
#        9.9940252397089124e-01 ]
# P1: !!opencv-matrix
#    rows: 3
#    cols: 4
#    dt: d
#    data: [ 1.6457309019906589e+02, 0., 3.0315999221801758e+02, 0., 0.,
#        1.6457309019906589e+02, 2.3625356674194336e+02, 0., 0., 0., 1.,
#        0. ]
# P2: !!opencv-matrix
#    rows: 3
#    cols: 4
#    dt: d
#    data: [ 1.6457309019906589e+02, 0., 3.0315999221801758e+02,
#        -1.5819612530894098e+01, 0., 1.6457309019906589e+02,
#        2.3625356674194336e+02, 0., 0., 0., 1., 0. ]
# Q: !!opencv-matrix
#    rows: 4
#    cols: 4
#    dt: d
#    data: [ 1., 0., 0., -3.0315999221801758e+02, 0., 1., 0.,
#        -2.3625356674194336e+02, 0., 0., 0., 1.6457309019906589e+02, 0.,
#        0., 1.0403104998790036e+01, 0. ]

# 2016.06.17.18:40 /home/akihiko/prg/testl/cv/data/usbcam2s2
# K1: !!opencv-matrix
#    rows: 3
#    cols: 3
#    dt: d
#    data: [ 3.0753426998028931e+02, 0., 3.1120403094866072e+02, 0.,
#        3.0753426998028931e+02, 2.3132513666830579e+02, 0., 0., 1. ]
# D1: !!opencv-matrix
#    rows: 1
#    cols: 5
#    dt: d
#    data: [ -2.6857936299016882e-01, 7.9708096781582805e-02, 0., 0., 0. ]
# K2: !!opencv-matrix
#    rows: 3
#    cols: 3
#    dt: d
#    data: [ 3.0753426998028931e+02, 0., 3.0470870782525890e+02, 0.,
#        3.0753426998028931e+02, 2.2956334181182086e+02, 0., 0., 1. ]
# D2: !!opencv-matrix
#    rows: 1
#    cols: 5
#    dt: d
#    data: [ -2.5590800588187407e-01, 5.9467933692329909e-02, 0., 0., 0. ]
# R: !!opencv-matrix
#    rows: 3
#    cols: 3
#    dt: d
#    data: [ 9.9853762574687477e-01, 1.0622100728134699e-02,
#        -5.3007366883439183e-02, -1.1374268142736741e-02,
#        9.9983857793703335e-01, -1.3908418064902091e-02,
#        5.2851073707270019e-02, 1.4490998756894953e-02,
#        9.9849725836529779e-01 ]
# T: !!opencv-matrix
#    rows: 1
#    cols: 3
#    dt: d
#    data: [ -9.7490551084722654e-02, 3.9993408700630148e-04,
#        -6.5002172335491487e-03 ]
# R1: !!opencv-matrix
#    rows: 3
#    cols: 3
#    dt: d
#    data: [ 9.9987968624181622e-01, 7.4700211235244627e-03,
#        1.3594551312242392e-02, -7.3751105202306102e-03,
#        9.9994817418397597e-01, -7.0183111178680254e-03,
#        -1.3646273695829103e-02, 6.9172054000806154e-03,
#        9.9988295889252532e-01 ]
# R2: !!opencv-matrix
#    rows: 3
#    cols: 3
#    dt: d
#    data: [ 9.9777622388022513e-01, -4.0931630675403140e-03,
#        6.6527085276760489e-02, 3.6292470729310305e-03,
#        9.9996826057661570e-01, 7.0927008298086293e-03,
#        -6.6554005326520060e-02, -6.8354850215672606e-03,
#        9.9775941013829450e-01 ]
# P1: !!opencv-matrix
#    rows: 3
#    cols: 4
#    dt: d
#    data: [ 1.9952313764509856e+02, 0., 2.9183551979064941e+02, 0., 0.,
#        1.9952313764509856e+02, 2.3292989349365234e+02, 0., 0., 0., 1.,
#        0. ]
# P2: !!opencv-matrix
#    rows: 3
#    cols: 4
#    dt: d
#    data: [ 1.9952313764509856e+02, 0., 2.9183551979064941e+02,
#        -1.9494973098806415e+01, 0., 1.9952313764509856e+02,
#        2.3292989349365234e+02, 0., 0., 0., 1., 0. ]
# Q: !!opencv-matrix
#    rows: 4
#    cols: 4
#    dt: d
#    data: [ 1., 0., 0., -2.9183551979064941e+02, 0., 1., 0.,
#        -2.3292989349365234e+02, 0., 0., 0., 1.9952313764509856e+02, 0.,
#        0., 1.0234594150700030e+01, 0. ]
